V 54
K 1
D 0 -3048000 508000 0
Y 1
U 889000 0 254000 0 2 3 REFDES=VR?
U 889000 -254000 254000 0 2 3 DEVICE=TC33X-2-104E
U 889000 -508000 254000 0 2 0 PKG_TYPE=TC33X2104E
U 889000 -762000 254000 0 2 0 Description=Trimmer Resistors - SMD 3MM 100KOHMS 25% 0.1WATT OPEN FRM
U 889000 -1016000 254000 0 2 0 Datasheet Link=https://www.bourns.com/docs/Product-Datasheets/TC33.pdf
U 889000 -1270000 254000 0 2 0 Height=1.5
U 889000 -1524000 254000 0 2 0 Mouser Part Number=652-TC33X-2-104E
U 889000 -1778000 254000 0 2 0 Mouser Price/Stock=https://www.mouser.co.uk/ProductDetail/Bourns/TC33X-2-104E?qs=2hAPiALdQ0llyX8B3WfcDg%3D%3D
U 889000 -2032000 254000 0 2 0 Manufacturer_Name=Bourns
U 889000 -2286000 254000 0 2 0 Manufacturer_Part_Number=TC33X-2-104E
U 0 0 254000 0 1 0 FORWARD_PCB=1
l 5 -254000 -508000 762000 -508000 762000 -2540000 -254000 -2540000 -254000 -508000
|GRPHSTL -1 -1 -1 1
P 1 0 -3048000 0 -2540000 0 1 0
L 0 -2463800 228600 1 2 0 1 0 CCW
A -50800 -2692400 203200 1 9 3 #=1
A 0 0 9 0 3 0 PINTYPE=BI
P 2 508000 -3048000 508000 -2540000 0 1 0
L 508000 -2463800 228600 1 2 0 1 0 WIPER
A 457200 -2692400 203200 1 9 3 #=2
A 0 0 9 0 3 0 PINTYPE=BI
P 3 254000 0 254000 -508000 0 0 0
L 254000 -584200 228600 1 8 0 1 0 CW
A 203200 -355600 203200 1 3 3 #=3
A 0 0 9 0 3 0 PINTYPE=BI
E
